Text Length: 10, Pattern Length: 1
Text Length: 10, Pattern Length: 1, Found at Positions: Time: 1.1602e-05 seconds
Text Length: 10, Pattern Length: 2
Text Length: 10, Pattern Length: 2, Found at Positions: Time: 1.894e-06 seconds
Text Length: 10, Pattern Length: 3
Text Length: 10, Pattern Length: 3, Found at Positions: Time: 1.323e-06 seconds
Text Length: 10, Pattern Length: 4
Text Length: 10, Pattern Length: 4, Found at Positions: Time: 1.904e-06 seconds
Text Length: 10, Pattern Length: 5
Text Length: 10, Pattern Length: 5, Found at Positions: Time: 1.624e-06 seconds
Text Length: 100, Pattern Length: 1
Text Length: 100, Pattern Length: 1, Found at Positions: 11 23 28 45 69 81 Time: 1.1793e-05 seconds
Text Length: 100, Pattern Length: 2
Text Length: 100, Pattern Length: 2, Found at Positions: Time: 3.336e-06 seconds
Text Length: 100, Pattern Length: 3
Text Length: 100, Pattern Length: 3, Found at Positions: Time: 3.276e-06 seconds
Text Length: 100, Pattern Length: 4
Text Length: 100, Pattern Length: 4, Found at Positions: Time: 3.296e-06 seconds
Text Length: 100, Pattern Length: 5
Text Length: 100, Pattern Length: 5, Found at Positions: Time: 3.346e-06 seconds
Text Length: 1000, Pattern Length: 1
Text Length: 1000, Pattern Length: 1, Found at Positions: 122 186 191 204 221 255 326 343 361 396 400 433 483 540 567 575 591 693 705 713 716 739 774 802 808 849 866 890 914 915 921 926 948 988 Time: 3.4936e-05 seconds
Text Length: 1000, Pattern Length: 2
Text Length: 1000, Pattern Length: 2, Found at Positions: Time: 2.6731e-05 seconds
Text Length: 1000, Pattern Length: 3
Text Length: 1000, Pattern Length: 3, Found at Positions: Time: 2.656e-05 seconds
Text Length: 1000, Pattern Length: 4
Text Length: 1000, Pattern Length: 4, Found at Positions: Time: 2.673e-05 seconds
Text Length: 1000, Pattern Length: 5
Text Length: 1000, Pattern Length: 5, Found at Positions: Time: 2.7492e-05 seconds
Text Length: 10000, Pattern Length: 1
Text Length: 10000, Pattern Length: 1, Found at Positions: 13 15 19 30 59 75 93 99 103 123 124 143 166 177 214 254 255 264 271 322 340 382 402 450 453 490 536 581 604 623 635 652 691 693 713 746 802 816 860 867 875 882 945 955 979 1003 1011 1026 1106 1171 1181 1243 1253 1257 1269 1295 1307 1368 1393 1479 1480 1493 1498 1503 1508 1521 1676 1689 1846 1872 1873 1887 1888 1903 1952 1986 2040 2062 2067 2076 2079 2140 2194 2224 2273 2330 2393 2421 2464 2556 2629 2655 2663 2672 2690 2815 2876 2887 2909 2919 2984 2991 3000 3002 3004 3039 3043 3053 3129 3160 3194 3197 3225 3228 3243 3248 3276 3330 3333 3334 3360 3383 3431 3447 3457 3460 3481 3534 3599 3603 3648 3686 3740 3776 3842 3855 3914 3949 3974 4009 4043 4098 4100 4115 4142 4145 4146 4195 4222 4232 4241 4252 4267 4312 4387 4405 4418 4426 4443 4477 4494 4590 4609 4624 4635 4666 4675 4680 4685 4733 4750 4769 4825 4915 4965 4989 5015 5054 5060 5068 5107 5129 5183 5186 5213 5215 5233 5246 5289 5312 5337 5346 5353 5371 5378 5384 5417 5427 5439 5483 5484 5515 5564 5575 5591 5640 5697 5757 5776 5792 5806 5826 5833 5874 5896 5927 5996 6020 6022 6039 6049 6051 6063 6089 6115 6121 6193 6216 6228 6236 6296 6393 6475 6477 6512 6517 6518 6572 6596 6621 6632 6700 6786 6820 6884 6890 6892 6911 6945 6982 6985 7016 7028 7034 7042 7056 7143 7166 7175 7186 7188 7204 7224 7237 7252 7278 7351 7393 7406 7422 7431 7460 7518 7547 7562 7564 7583 7598 7635 7683 7702 7725 7756 7761 7793 7796 7800 7827 7855 7860 7906 7909 7933 7957 8079 8125 8158 8205 8222 8259 8266 8286 8308 8344 8400 8420 8451 8518 8523 8577 8579 8637 8646 8678 8694 8729 8731 8746 8751 8752 8756 8774 8778 8846 8854 8863 8909 8987 8994 9107 9117 9125 9126 9152 9204 9218 9220 9265 9277 9278 9301 9340 9406 9437 9457 9460 9501 9528 9563 9595 9599 9606 9626 9630 9643 9689 9753 9791 9830 9845 9860 9865 9993 9994 Time: 0.000309182 seconds
Text Length: 10000, Pattern Length: 2
Text Length: 10000, Pattern Length: 2, Found at Positions: 1995 4392 5300 5408 5707 6344 7965 8001 8369 Time: 0.000283563 seconds
Text Length: 10000, Pattern Length: 3
Text Length: 10000, Pattern Length: 3, Found at Positions: Time: 0.000213862 seconds
Text Length: 10000, Pattern Length: 4
Text Length: 10000, Pattern Length: 4, Found at Positions: Time: 0.000201088 seconds
Text Length: 10000, Pattern Length: 5
Text Length: 10000, Pattern Length: 5, Found at Positions: Time: 0.000209935 seconds
Text Length: 100000, Pattern Length: 1
Text Length: 100000, Pattern Length: 1, Found at Positions: 14 30 32 67 133 167 187 191 263 339 345 350 393 469 476 531 560 573 589 592 603 695 702 787 791 832 869 882 916 922 977 982 1055 1092 1110 1132 1159 1170 1172 1179 1217 1218 1255 1268 1287 1383 1386 1410 1455 1456 1542 1553 1612 1616 1635 1639 1669 1728 1770 1799 1818 1821 1825 1830 1834 1846 1885 1916 1924 1971 2002 2015 2058 2059 2065 2079 2183 2185 2207 2315 2366 2404 2408 2439 2441 2476 2515 2525 2580 2581 2597 2614 2711 2732 2828 2885 2887 2929 2975 2982 3001 3042 3068 3077 3086 3138 3155 3165 3203 3241 3251 3318 3345 3422 3424 3449 3493 3530 3531 3564 3579 3581 3596 3599 3618 3622 3642 3691 3697 3752 3780 3832 3838 3866 3886 3890 3989 4016 4034 4093 4107 4119 4129 4141 4145 4160 4179 4215 4312 4340 4354 4358 4378 4414 4446 4465 4475 4502 4512 4603 4636 4644 4652 4661 4727 4731 4762 4769 4774 4779 4795 4806 4824 4832 4838 4842 4857 4921 4939 4970 4973 4991 5006 5010 5020 5028 5120 5145 5180 5193 5238 5257 5325 5374 5395 5456 5473 5480 5482 5570 5591 5667 5682 5684 5701 5714 5725 5747 5772 5784 5788 5829 5850 5857 5873 5894 5905 5925 5927 6014 6046 6064 6171 6179 6187 6199 6225 6226 6227 6251 6255 6288 6297 6323 6324 6380 6381 6437 6441 6559 6580 6594 6605 6618 6638 6648 6669 6674 6684 6697 6701 6728 6730 6744 6749 6793 6811 6827 6853 6863 6878 6926 6944 6954 6966 7011 7066 7073 7089 7095 7119 7184 7196 7218 7226 7227 7240 7264 7312 7328 7379 7420 7426 7439 7456 7482 7517 7558 7561 7574 7576 7689 7703 7716 7740 7784 7786 7807 7829 7831 7844 7907 7966 7984 8014 8034 8056 8113 8215 8216 8235 8256 8307 8326 8363 8398 8416 8499 8503 8546 8560 8598 8615 8645 8650 8654 8660 8705 8736 8744 8773 8818 8838 8853 8854 8865 8951 9001 9051 9075 9078 9089 9095 9100 9103 9130 9135 9189 9239 9320 9327 9329 9379 9413 9433 9460 9470 9471 9476 9481 9491 9539 9554 9576 9601 9609 9620 9671 9690 9706 9716 9780 9892 9911 9944 9957 9960 9984 10006 10027 10032 10042 10124 10138 10218 10271 10276 10280 10281 10296 10300 10306 10321 10337 10355 10359 10380 10397 10411 10453 10465 10477 10504 10525 10536 10543 10558 10570 10706 10712 10715 10727 10732 10740 10769 10776 10839 10871 10877 10883 10885 10920 10926 10940 10957 10983 11076 11105 11150 11155 11200 11202 11211 11256 11308 11361 11372 11409 11433 11435 11456 11531 11548 11551 11552 11557 11580 11597 11629 11703 11732 11778 11787 11822 11835 11883 11892 11901 11934 11963 11974 11975 12011 12069 12087 12093 12126 12146 12185 12187 12210 12214 12232 12233 12254 12271 12283 12292 12293 12319 12334 12340 12347 12367 12395 12404 12418 12458 12465 12488 12506 12565 12596 12606 12674 12707 12719 12722 12751 12756 12772 12788 12865 12910 12935 12956 12961 13022 13035 13037 13050 13095 13102 13124 13131 13162 13283 13290 13305 13316 13322 13337 13345 13347 13364 13384 13410 13441 13443 13465 13504 13538 13540 13581 13591 13605 13615 13632 13656 13660 13732 13735 13741 13746 13762 13766 13785 13788 13797 13887 13896 13989 14008 14027 14041 14086 14148 14161 14169 14186 14193 14230 14233 14243 14256 14263 14273 14298 14303 14314 14322 14345 14348 14351 14394 14398 14457 14500 14510 14522 14552 14565 14595 14619 14626 14655 14713 14733 14752 14795 14862 14907 14926 14946 14949 14998 15024 15062 15067 15110 15116 15152 15189 15209 15303 15519 15608 15629 15664 15688 15693 15712 15729 15744 15754 15761 15864 15865 15873 15892 15900 15904 15930 15964 15985 16006 16012 16081 16099 16128 16155 16157 16181 16229 16231 16314 16341 16355 16389 16405 16413 16416 16435 16456 16540 16544 16555 16586 16605 16654 16674 16731 16740 16799 16846 16875 16882 16883 16896 16954 17002 17010 17020 17064 17085 17099 17121 17130 17184 17185 17221 17261 17293 17318 17323 17386 17387 17426 17438 17463 17498 17507 17513 17539 17547 17555 17567 17583 17593 17598 17641 17658 17716 17717 17738 17787 17804 17848 17878 17885 17887 17909 17929 17941 17966 17980 17997 18050 18064 18077 18116 18118 18216 18234 18249 18271 18276 18329 18401 18408 18457 18458 18484 18509 18558 18568 18586 18593 18599 18603 18630 18638 18645 18691 18708 18709 18713 18721 18762 18801 18816 18865 18935 18948 19054 19086 19090 19118 19162 19179 19219 19222 19230 19232 19266 19267 19297 19313 19314 19321 19352 19378 19390 19401 19411 19421 19458 19501 19519 19545 19577 19580 19587 19613 19650 19705 19721 19739 19758 19762 19766 19871 19943 19962 19970 19977 19985 19992 19997 20009 20016 20017 20257 20331 20345 20351 20352 20354 20423 20455 20507 20528 20548 20555 20605 20632 20668 20704 20727 20749 20824 20844 20870 20932 20956 20964 20988 21003 21116 21129 21177 21183 21200 21234 21238 21254 21309 21403 21408 21440 21441 21499 21520 21581 21593 21606 21608 21647 21653 21655 21672 21674 21683 21684 21741 21771 21777 21782 21799 21861 21863 21895 21939 21955 22037 22073 22074 22076 22079 22091 22095 22147 22223 22226 22245 22270 22277 22293 22394 22410 22444 22457 22483 22503 22511 22521 22568 22610 22612 22635 22656 22671 22676 22691 22714 22756 22788 22791 22824 22853 22877 22907 22916 22926 22952 22983 22986 23005 23062 23098 23115 23126 23144 23173 23224 23243 23265 23267 23276 23292 23300 23315 23338 23376 23391 23396 23416 23451 23461 23472 23575 23628 23639 23655 23659 23668 23733 23736 23762 23844 23856 23859 23860 23867 23935 24055 24064 24110 24169 24196 24211 24228 24239 24249 24270 24301 24319 24365 24393 24404 24418 24437 24461 24479 24524 24526 24552 24566 24571 24581 24607 24622 24624 24666 24697 24747 24757 24772 24802 24839 24850 24854 24860 24893 24906 24912 24927 24933 24952 24974 24999 25004 25015 25021 25027 25053 25055 25091 25130 25150 25154 25192 25203 25217 25249 25291 25321 25345 25386 25388 25401 25404 25412 25426 25501 25510 25526 25530 25542 25558 25619 25647 25651 25750 25769 25797 25866 25907 25910 25922 25952 25957 25977 25998 26003 26023 26061 26073 26089 26097 26156 26230 26263 26269 26275 26304 26314 26315 26320 26324 26348 26349 26355 26418 26447 26451 26467 26485 26490 26539 26621 26669 26673 26688 26721 26751 26774 26777 26832 26908 26922 26934 26935 26952 26979 27007 27084 27160 27181 27199 27227 27274 27277 27280 27292 27297 27309 27326 27328 27337 27364 27379 27392 27410 27418 27429 27430 27431 27497 27582 27667 27677 27709 27717 27718 27723 27742 27783 27794 27830 27887 27891 27898 27909 27917 27947 27961 27965 28034 28116 28145 28239 28261 28327 28476 28498 28503 28538 28540 28594 28630 28660 28673 28684 28740 28745 28773 28803 28834 28878 28896 28905 28911 28955 29032 29042 29066 29112 29133 29165 29176 29193 29226 29255 29284 29300 29316 29322 29344 29361 29446 29474 29515 29548 29566 29577 29590 29592 29595 29613 29636 29650 29685 29688 29694 29724 29746 29785 29803 29820 29823 29839 29862 29863 29915 29922 29950 29958 29967 29969 30019 30022 30051 30100 30142 30171 30173 30189 30195 30211 30249 30269 30280 30305 30341 30349 30377 30395 30404 30431 30457 30494 30505 30565 30570 30610 30636 30643 30662 30687 30718 30727 30730 30764 30768 30792 30805 30838 30868 30877 30892 30897 30913 30938 30942 31001 31018 31077 31079 31089 31098 31120 31133 31163 31165 31183 31186 31195 31211 31259 31347 31350 31356 31361 31382 31420 31433 31448 31494 31506 31529 31556 31578 31632 31664 31704 31713 31743 31779 31831 31851 31932 31940 31942 31959 31966 31995 32042 32056 32060 32070 32090 32134 32140 32155 32187 32221 32250 32254 32256 32290 32293 32319 32336 32369 32414 32472 32515 32568 32614 32640 32647 32664 32690 32747 32872 32873 32922 32966 32977 32999 33101 33148 33172 33215 33217 33218 33233 33291 33361 33386 33414 33443 33466 33495 33499 33543 33555 33618 33658 33677 33687 33691 33749 33771 33790 33860 33895 33976 34007 34011 34019 34082 34093 34095 34194 34209 34228 34229 34253 34274 34335 34350 34407 34480 34513 34558 34618 34630 34636 34650 34668 34673 34766 34802 34803 34810 34872 34894 34899 34907 34947 34954 34982 34983 34987 35042 35051 35072 35118 35217 35222 35248 35288 35292 35358 35365 35371 35388 35432 35444 35445 35469 35536 35541 35591 35602 35603 35627 35656 35672 35683 35733 35776 35790 35807 35809 35817 35926 35942 35961 35971 35982 36000 36001 36005 36024 36052 36124 36138 36156 36164 36183 36187 36242 36263 36268 36287 36289 36322 36324 36434 36435 36477 36498 36549 36571 36581 36596 36607 36620 36659 36668 36670 36672 36698 36699 36707 36709 36727 36728 36747 36752 36754 36794 36800 36825 36897 36901 36911 36919 36930 36932 36939 36954 36962 36979 37005 37019 37052 37080 37113 37118 37134 37189 37259 37291 37346 37355 37470 37473 37480 37510 37515 37523 37526 37566 37626 37657 37679 37687 37720 37781 37790 37797 37854 37867 37874 37909 37930 37935 37936 38001 38032 38083 38092 38105 38114 38164 38169 38189 38230 38252 38282 38355 38358 38382 38442 38444 38466 38475 38478 38483 38497 38601 38614 38642 38679 38720 38732 38734 38738 38740 38746 38756 38776 38810 38835 38858 38881 38899 38910 38975 39010 39012 39066 39068 39095 39103 39123 39172 39188 39194 39197 39263 39289 39301 39313 39356 39364 39392 39409 39473 39489 39496 39498 39514 39524 39528 39545 39560 39561 39577 39582 39587 39612 39620 39622 39723 39747 39795 39809 39813 39829 39841 39857 39957 39958 40005 40018 40019 40088 40114 40187 40273 40291 40292 40341 40369 40381 40384 40390 40400 40421 40490 40527 40565 40578 40593 40654 40763 40766 40768 40782 40821 40841 40873 40892 40903 40918 40924 40941 40945 40958 40994 40998 41008 41026 41027 41038 41051 41060 41087 41099 41316 41401 41406 41424 41448 41451 41466 41467 41498 41506 41539 41568 41576 41630 41699 41770 41932 41953 41983 41994 42055 42074 42103 42159 42161 42183 42196 42208 42215 42221 42232 42281 42293 42355 42377 42378 42388 42441 42444 42513 42557 42604 42617 42625 42680 42737 42747 42758 42804 42837 42860 42873 42892 42898 42953 42965 43052 43055 43084 43089 43109 43113 43128 43236 43245 43260 43284 43290 43317 43344 43348 43359 43434 43437 43449 43483 43502 43510 43530 43536 43546 43576 43578 43602 43606 43616 43637 43643 43645 43664 43677 43690 43701 43709 43719 43763 43774 43783 43816 43844 43876 43883 43898 43910 43916 43926 44011 44021 44025 44043 44050 44063 44102 44110 44142 44144 44290 44302 44324 44327 44378 44385 44394 44408 44438 44458 44459 44468 44475 44503 44537 44603 44615 44637 44657 44744 44756 44774 44811 44838 44854 44916 44923 44927 44955 44975 44983 44985 44987 45006 45008 45015 45019 45042 45045 45063 45071 45101 45112 45138 45150 45162 45184 45190 45254 45280 45338 45391 45428 45438 45466 45468 45478 45493 45518 45529 45582 45605 45609 45610 45616 45642 45644 45655 45681 45714 45719 45738 45739 45754 45793 45831 45832 45865 45943 45963 45970 46010 46049 46056 46091 46139 46149 46159 46198 46254 46304 46305 46320 46322 46326 46363 46387 46414 46448 46462 46495 46560 46579 46620 46630 46668 46679 46695 46748 46790 46792 46811 46817 46824 46879 46889 46913 46972 47015 47037 47055 47058 47066 47068 47088 47094 47117 47158 47165 47175 47199 47258 47271 47322 47423 47504 47512 47513 47544 47577 47600 47625 47641 47644 47691 47715 47735 47811 47831 47837 47846 47855 47866 47885 47906 47907 47935 47939 47946 47951 47966 48035 48120 48126 48251 48271 48296 48301 48319 48354 48356 48358 48366 48381 48384 48386 48391 48393 48400 48422 48429 48433 48461 48486 48512 48533 48564 48581 48582 48600 48619 48653 48665 48729 48772 48793 48802 48814 48823 48832 48847 48888 48913 48933 48939 48967 48985 49009 49043 49061 49164 49179 49192 49213 49231 49255 49275 49279 49312 49346 49347 49374 49390 49429 49500 49511 49513 49515 49539 49571 49623 49676 49697 49702 49714 49761 49803 49838 49866 49891 49893 49903 49927 49936 49942 49960 50000 50024 50026 50033 50042 50044 50053 50070 50088 50115 50193 50196 50230 50231 50235 50236 50237 50294 50339 50409 50482 50484 50525 50555 50589 50601 50614 50630 50663 50714 50725 50813 50833 50836 50962 50991 50998 51012 51046 51085 51090 51099 51118 51123 51126 51147 51214 51229 51239 51264 51266 51268 51281 51331 51368 51372 51376 51380 51389 51393 51397 51429 51456 51458 51525 51609 51698 51702 51722 51760 51766 51784 51801 51866 51911 51925 51930 51995 52012 52017 52019 52038 52049 52060 52067 52108 52121 52126 52146 52152 52179 52180 52190 52201 52241 52261 52262 52291 52301 52304 52319 52424 52432 52456 52476 52496 52497 52500 52513 52528 52570 52581 52591 52624 52634 52733 52746 52750 52769 52778 52801 52822 52856 52873 52880 52983 53087 53091 53109 53113 53120 53154 53155 53181 53199 53288 53306 53344 53362 53404 53440 53519 53530 53543 53606 53684 53691 53698 53706 53716 53717 53734 53735 53783 53909 53940 53946 53999 54044 54059 54169 54182 54193 54256 54258 54264 54307 54309 54320 54330 54410 54421 54513 54551 54567 54593 54613 54661 54666 54694 54722 54743 54776 54796 54797 54823 54830 54876 54923 54938 54940 54980 54983 55001 55020 55043 55046 55054 55080 55114 55128 55160 55163 55188 55192 55209 55245 55252 55262 55318 55348 55354 55394 55407 55425 55448 55501 55571 55577 55584 55622 55623 55630 55654 55702 55705 55726 55738 55750 55769 55784 55802 55806 55810 55826 55875 55876 55878 55899 55930 55938 55983 56018 56029 56120 56128 56172 56233 56234 56239 56247 56258 56265 56291 56359 56365 56396 56399 56521 56588 56620 56623 56630 56658 56682 56752 56762 56794 56864 56893 56898 56920 57018 57041 57069 57116 57120 57153 57163 57169 57181 57195 57203 57207 57216 57241 57265 57270 57291 57341 57425 57461 57478 57479 57555 57562 57637 57657 57696 57720 57733 57745 57792 57801 57833 57843 57845 57866 57881 57912 58047 58056 58093 58164 58176 58177 58194 58249 58274 58278 58290 58331 58350 58363 58393 58446 58497 58545 58565 58576 58629 58631 58636 58660 58669 58672 58674 58692 58707 58710 58786 58805 58816 58855 58862 58920 58942 59005 59008 59041 59075 59078 59097 59138 59148 59153 59157 59163 59199 59260 59274 59285 59294 59301 59362 59391 59398 59415 59450 59468 59479 59525 59597 59625 59640 59642 59649 59746 59755 59792 59824 59835 59875 59888 59919 59985 60000 60002 60020 60060 60093 60117 60125 60165 60232 60243 60293 60393 60409 60412 60454 60458 60527 60530 60535 60564 60568 60591 60616 60646 60647 60703 60707 60708 60748 60769 60809 60865 60869 60895 60966 60993 61033 61041 61050 61094 61096 61125 61166 61197 61203 61261 61309 61331 61359 61415 61443 61466 61485 61488 61492 61507 61528 61592 61595 61622 61625 61648 61660 61665 61678 61704 61751 61768 61795 61819 61821 61824 61862 61874 61889 61898 61915 62025 62028 62075 62102 62106 62116 62119 62158 62183 62190 62195 62197 62209 62229 62236 62237 62246 62250 62252 62291 62293 62329 62333 62337 62341 62346 62350 62355 62486 62489 62495 62510 62572 62690 62707 62718 62720 62789 62799 62847 62868 62869 62909 62946 62957 62992 63007 63046 63068 63095 63119 63131 63165 63188 63192 63233 63282 63287 63291 63298 63334 63374 63397 63428 63451 63458 63499 63575 63577 63599 63623 63637 63640 63659 63668 63676 63679 63694 63738 63771 63777 63783 63828 63930 63933 63939 63962 63996 64046 64178 64226 64240 64243 64247 64259 64262 64270 64278 64290 64301 64315 64317 64318 64322 64327 64354 64361 64457 64467 64555 64567 64569 64573 64597 64623 64625 64632 64655 64692 64727 64762 64765 64796 64856 64936 64978 64990 65061 65072 65092 65106 65128 65129 65130 65206 65234 65288 65295 65327 65333 65336 65346 65389 65428 65432 65436 65447 65476 65479 65507 65522 65540 65551 65592 65618 65648 65694 65712 65717 65744 65745 65767 65784 65803 65805 65811 65828 65832 65844 65866 65929 65991 66019 66026 66028 66050 66069 66079 66163 66168 66171 66178 66189 66211 66267 66287 66308 66318 66323 66338 66339 66354 66357 66370 66394 66396 66463 66478 66491 66501 66529 66536 66705 66720 66800 66809 66830 66850 66861 66864 66893 66909 66925 66948 66949 66958 67032 67061 67077 67116 67146 67178 67236 67244 67281 67288 67304 67314 67321 67418 67451 67484 67531 67534 67546 67570 67579 67580 67585 67605 67610 67629 67657 67689 67735 67760 67764 67789 67793 67806 67811 67869 67894 67930 67934 67947 67959 67960 68010 68030 68034 68132 68135 68169 68184 68189 68208 68223 68226 68264 68290 68314 68323 68354 68391 68410 68412 68429 68448 68460 68565 68573 68583 68620 68652 68691 68695 68732 68735 68763 68786 68827 68829 68838 68840 68882 68901 68944 69009 69029 69030 69062 69074 69130 69155 69162 69213 69227 69245 69273 69292 69344 69347 69351 69358 69458 69512 69556 69580 69583 69595 69605 69608 69625 69670 69676 69697 69735 69754 69760 69787 69844 69849 69878 69887 69895 69945 69982 70046 70073 70094 70103 70126 70182 70224 70240 70263 70281 70302 70317 70337 70363 70388 70426 70453 70468 70477 70485 70536 70537 70539 70554 70556 70583 70594 70672 70681 70684 70758 70769 70781 70826 70861 70872 70887 70890 70892 70940 70950 70952 70981 71014 71034 71053 71093 71107 71172 71181 71227 71252 71262 71266 71292 71335 71413 71527 71561 71616 71622 71749 71760 71767 71815 71818 71835 71836 71846 71860 71876 71905 71906 71932 71940 71961 71962 72015 72024 72106 72115 72138 72155 72225 72239 72261 72376 72377 72417 72441 72525 72549 72601 72731 72744 72809 72839 72940 72941 72975 73003 73019 73031 73075 73116 73137 73166 73198 73279 73280 73294 73332 73356 73383 73393 73405 73438 73516 73536 73544 73597 73614 73637 73641 73678 73704 73722 73806 73828 73859 73883 73886 73893 73910 73932 73962 73964 73992 74001 74020 74044 74067 74107 74119 74149 74154 74156 74181 74216 74229 74265 74278 74293 74369 74380 74392 74399 74425 74445 74449 74451 74453 74468 74469 74485 74530 74541 74564 74573 74581 74583 74586 74621 74644 74696 74743 74761 74765 74770 74810 74819 74865 74868 74901 74936 74995 75104 75115 75123 75154 75185 75226 75256 75267 75322 75367 75398 75404 75440 75454 75483 75512 75526 75549 75568 75582 75591 75628 75676 75677 75716 75778 75787 75813 75820 75836 75847 75894 75897 75898 75967 75970 75973 75988 76037 76094 76115 76121 76136 76150 76151 76163 76204 76230 76241 76249 76303 76313 76382 76398 76423 76469 76478 76499 76505 76556 76622 76644 76673 76736 76754 76770 76789 76861 76875 76895 76932 76971 76978 76995 77029 77035 77057 77080 77098 77100 77106 77125 77166 77169 77192 77250 77278 77292 77347 77539 77603 77607 77630 77671 77676 77716 77722 77747 77833 77842 77891 77937 77986 78031 78053 78069 78076 78107 78114 78117 78157 78222 78262 78291 78323 78337 78348 78359 78364 78380 78451 78475 78485 78489 78511 78539 78565 78570 78582 78657 78669 78702 78766 78777 78796 78813 78869 78881 78895 78901 78906 78926 78933 78940 78970 79009 79014 79062 79070 79084 79131 79193 79207 79271 79279 79317 79366 79372 79374 79388 79391 79418 79443 79450 79453 79462 79466 79477 79514 79524 79547 79577 79623 79638 79669 79688 79700 79714 79732 79756 79765 79836 79847 79879 79970 80041 80082 80108 80159 80163 80179 80206 80216 80224 80235 80237 80301 80317 80343 80426 80444 80445 80554 80562 80630 80700 80749 80752 80755 80761 80833 80852 80870 80876 80912 80936 80962 81000 81007 81022 81097 81128 81129 81171 81294 81348 81351 81370 81378 81420 81461 81479 81560 81564 81580 81638 81659 81693 81694 81697 81728 81770 81798 81857 81914 81929 82022 82023 82045 82048 82111 82119 82123 82142 82160 82192 82228 82237 82256 82275 82352 82391 82418 82422 82456 82548 82568 82641 82720 82789 82797 82800 82813 82817 82826 82850 82880 82981 82990 82995 83005 83008 83011 83063 83086 83137 83153 83201 83271 83289 83320 83363 83374 83398 83402 83404 83408 83409 83437 83444 83445 83447 83481 83515 83549 83556 83563 83595 83614 83620 83767 83768 83810 83855 83857 83871 83878 83938 84003 84025 84037 84104 84106 84107 84170 84187 84190 84212 84236 84246 84250 84299 84313 84334 84405 84431 84442 84444 84533 84587 84609 84663 84681 84702 84732 84734 84763 84780 84809 84821 84907 84943 84959 84981 84985 85082 85125 85135 85149 85157 85176 85185 85192 85242 85281 85304 85316 85364 85369 85424 85431 85443 85459 85463 85493 85496 85521 85558 85569 85587 85593 85597 85619 85621 85758 85759 85776 85784 85797 85862 85892 85907 85963 85986 86024 86093 86132 86148 86170 86222 86242 86264 86278 86289 86290 86307 86311 86321 86377 86388 86418 86421 86423 86436 86445 86448 86476 86539 86576 86587 86615 86636 86666 86673 86677 86685 86691 86706 86782 86873 86887 86898 86924 86947 86951 86991 87002 87020 87028 87031 87034 87123 87131 87137 87144 87185 87189 87222 87238 87250 87272 87341 87359 87391 87423 87431 87473 87498 87512 87539 87554 87568 87577 87579 87625 87643 87653 87667 87739 87749 87750 87767 87834 87845 87856 87911 87978 87981 88003 88004 88025 88102 88119 88128 88132 88159 88192 88203 88209 88227 88327 88328 88337 88378 88402 88419 88472 88473 88479 88480 88539 88558 88585 88629 88663 88668 88704 88729 88781 88790 88949 89008 89025 89030 89034 89048 89169 89186 89188 89198 89203 89227 89236 89247 89263 89291 89331 89341 89364 89377 89387 89427 89467 89497 89509 89527 89600 89618 89640 89657 89712 89728 89771 89781 89808 89834 89936 89976 90005 90012 90035 90067 90106 90108 90110 90176 90188 90194 90223 90292 90302 90408 90453 90461 90473 90478 90485 90486 90547 90565 90616 90631 90657 90715 90728 90760 90768 90771 90780 90805 90931 90934 90949 90964 91010 91019 91115 91171 91186 91194 91251 91270 91324 91423 91447 91482 91509 91513 91557 91572 91596 91617 91651 91674 91692 91704 91724 91766 91838 91842 91860 91864 91870 91877 91892 91919 91948 91963 92002 92037 92053 92086 92100 92102 92111 92120 92150 92171 92287 92316 92382 92389 92395 92428 92470 92477 92528 92538 92545 92573 92577 92580 92584 92608 92654 92669 92679 92698 92704 92720 92721 92723 92731 92752 92806 92813 92837 92840 92854 92862 92865 92883 92919 93019 93029 93041 93055 93057 93065 93073 93079 93189 93226 93296 93372 93413 93479 93551 93557 93570 93591 93595 93603 93654 93684 93708 93778 93803 93808 93810 93817 93835 93870 93872 93877 93894 93901 93950 93994 94002 94020 94045 94046 94074 94081 94086 94143 94153 94181 94188 94199 94209 94246 94248 94268 94335 94351 94377 94378 94406 94441 94492 94533 94542 94612 94637 94656 94671 94677 94678 94706 94797 94863 94922 94929 94938 94999 95042 95111 95151 95172 95187 95191 95242 95257 95298 95307 95308 95325 95338 95377 95390 95392 95393 95403 95421 95548 95555 95583 95588 95617 95628 95675 95689 95707 95713 95716 95744 95752 95772 95801 95821 95825 95827 95841 95845 95865 95894 95911 95952 95960 95962 96031 96099 96156 96160 96168 96203 96223 96251 96273 96293 96388 96414 96434 96453 96581 96598 96623 96631 96636 96664 96700 96713 96718 96741 96748 96775 96792 96798 96812 96829 96879 96894 96904 96946 96967 97018 97036 97056 97095 97109 97113 97142 97165 97182 97196 97224 97228 97260 97295 97296 97311 97324 97333 97355 97356 97406 97424 97431 97471 97484 97485 97506 97508 97563 97572 97630 97773 97803 97818 97830 97892 97895 97929 97944 97959 97960 97968 97993 98028 98063 98064 98071 98087 98171 98176 98231 98253 98317 98321 98333 98340 98403 98437 98477 98495 98499 98534 98559 98609 98654 98723 98741 98776 98811 98857 98885 98900 98971 98996 99088 99108 99185 99205 99231 99279 99298 99322 99323 99325 99329 99331 99356 99372 99377 99483 99488 99497 99498 99526 99540 99547 99561 99564 99580 99601 99612 99619 99632 99643 99648 99677 99694 99795 99822 99831 99840 99841 99860 99959 99994 Time: 0.00286684 seconds
Text Length: 100000, Pattern Length: 2
Text Length: 100000, Pattern Length: 2, Found at Positions: 437 2084 2481 2489 2512 2910 2974 3071 4001 4760 5376 5681 7990 9019 9047 10564 10568 11378 13225 14251 15813 16576 17771 18844 19296 19933 20747 21197 21796 23383 24437 25468 25764 25769 27050 27273 30727 30765 31014 31827 32963 33328 34386 35016 36132 36135 37030 37426 37754 37815 37934 38286 38897 38993 39925 40402 40640 40824 41227 41306 45120 45513 47222 47921 48155 48262 48493 48913 49423 49820 51636 51708 51801 52673 52793 53048 53468 54726 55078 55126 56874 57680 58333 58880 59008 61839 63091 63149 63886 64156 64174 64996 65076 66043 66953 67687 68666 69775 71387 71391 71759 72430 73635 74497 75063 76303 76448 77769 78583 78717 79568 79788 80199 80868 81513 81604 83360 84225 84336 84495 84566 84716 85071 86313 86752 86970 87356 87384 87658 87833 87963 88483 88714 89613 90045 90463 90500 91010 91280 91566 91623 92253 94114 94543 95681 95904 96139 96999 98008 98181 98673 98976 99296 Time: 0.0023061 seconds
Text Length: 100000, Pattern Length: 3
Text Length: 100000, Pattern Length: 3, Found at Positions: 16334 27040 40928 47248 63965 78773 Time: 0.00243406 seconds
Text Length: 100000, Pattern Length: 4
Text Length: 100000, Pattern Length: 4, Found at Positions: Time: 0.00206065 seconds
Text Length: 100000, Pattern Length: 5
Text Length: 100000, Pattern Length: 5, Found at Positions: Time: 0.00205973 seconds
Rabin-Karp Algorithm
Text Length: 10, Pattern Length: 1
Text Length: 10, Pattern Length: 1, Found at Positions: Time: 1.904e-06 seconds
Text Length: 10, Pattern Length: 2
Text Length: 10, Pattern Length: 2, Found at Positions: Time: 9.01e-07 seconds
Text Length: 10, Pattern Length: 3
Text Length: 10, Pattern Length: 3, Found at Positions: Time: 5.71e-07 seconds
Text Length: 10, Pattern Length: 4
Text Length: 10, Pattern Length: 4, Found at Positions: Time: 6.81e-07 seconds
Text Length: 10, Pattern Length: 5
Text Length: 10, Pattern Length: 5, Found at Positions: Time: 1.373e-06 seconds
Text Length: 100, Pattern Length: 1
Text Length: 100, Pattern Length: 1, Found at Positions: 5 18 85 89 Time: 6.883e-06 seconds
Text Length: 100, Pattern Length: 2
Text Length: 100, Pattern Length: 2, Found at Positions: Time: 4.98e-06 seconds
Text Length: 100, Pattern Length: 3
Text Length: 100, Pattern Length: 3, Found at Positions: Time: 4.168e-06 seconds
Text Length: 100, Pattern Length: 4
Text Length: 100, Pattern Length: 4, Found at Positions: Time: 4.719e-06 seconds
Text Length: 100, Pattern Length: 5
Text Length: 100, Pattern Length: 5, Found at Positions: Time: 4.439e-06 seconds
Text Length: 1000, Pattern Length: 1
Text Length: 1000, Pattern Length: 1, Found at Positions: 10 33 68 72 113 117 129 164 184 214 217 241 279 297 314 316 326 374 391 425 427 493 517 541 551 593 599 638 652 678 711 769 778 801 867 899 Time: 4.5295e-05 seconds
Text Length: 1000, Pattern Length: 2
Text Length: 1000, Pattern Length: 2, Found at Positions: 270 Time: 4.5035e-05 seconds
Text Length: 1000, Pattern Length: 3
Text Length: 1000, Pattern Length: 3, Found at Positions: Time: 3.3783e-05 seconds
Text Length: 1000, Pattern Length: 4
Text Length: 1000, Pattern Length: 4, Found at Positions: Time: 3.3273e-05 seconds
Text Length: 1000, Pattern Length: 5
Text Length: 1000, Pattern Length: 5, Found at Positions: Time: 2.9656e-05 seconds
Text Length: 10000, Pattern Length: 1
Text Length: 10000, Pattern Length: 1, Found at Positions: 4 43 48 110 126 144 199 240 250 285 334 340 364 381 389 406 409 481 493 501 531 545 586 602 604 631 639 735 768 850 866 901 903 906 955 983 984 1004 1089 1117 1136 1181 1201 1204 1218 1241 1259 1268 1280 1316 1343 1359 1372 1378 1399 1408 1410 1422 1434 1437 1438 1466 1488 1493 1503 1543 1563 1597 1631 1642 1673 1723 1727 1760 1784 1811 1818 1834 1881 1897 1933 1965 2052 2123 2224 2230 2239 2246 2251 2276 2288 2301 2362 2368 2445 2455 2533 2578 2584 2587 2594 2631 2710 2734 2754 2770 2824 2830 2843 2857 2954 2967 3026 3035 3051 3072 3097 3127 3141 3176 3186 3232 3283 3326 3392 3431 3448 3460 3530 3538 3545 3566 3595 3596 3607 3609 3710 3750 3791 3793 3812 3816 3838 3875 3878 3956 3985 4028 4049 4051 4096 4119 4137 4150 4178 4234 4266 4300 4323 4337 4370 4393 4515 4517 4530 4546 4578 4615 4717 4735 4745 4788 4887 4906 4923 4943 4972 4986 4998 5005 5026 5054 5096 5142 5146 5165 5168 5172 5209 5228 5290 5302 5330 5336 5375 5486 5494 5541 5589 5593 5620 5658 5767 5852 5909 5933 5945 5953 5968 6045 6081 6105 6156 6162 6174 6179 6180 6219 6225 6287 6370 6373 6469 6491 6505 6510 6522 6573 6585 6588 6594 6613 6650 6657 6660 6773 6777 6798 6816 6818 6828 6858 6901 6920 6964 6966 6984 7005 7105 7106 7107 7141 7184 7191 7200 7203 7233 7249 7329 7390 7391 7435 7453 7502 7515 7564 7576 7605 7629 7716 7729 7758 7791 7795 7807 7840 7850 7852 7959 7967 7970 8013 8024 8036 8053 8056 8104 8128 8152 8212 8219 8221 8225 8228 8299 8312 8356 8379 8381 8382 8418 8430 8437 8481 8491 8500 8503 8546 8559 8627 8649 8673 8680 8686 8715 8805 8843 8848 8907 8913 8966 8976 9020 9030 9057 9068 9074 9135 9175 9204 9230 9283 9356 9440 9447 9453 9456 9465 9496 9500 9520 9554 9575 9588 9607 9638 9665 9687 9693 9724 9760 9763 9768 9774 9777 9790 9837 9874 9876 9892 9923 9949 9956 9975 9981 Time: 0.000332105 seconds
Text Length: 10000, Pattern Length: 2
Text Length: 10000, Pattern Length: 2, Found at Positions: 241 468 1643 2678 3437 4254 5572 5777 6165 6222 7371 7678 8043 Time: 0.000294383 seconds
Text Length: 10000, Pattern Length: 3
Text Length: 10000, Pattern Length: 3, Found at Positions: Time: 0.000291017 seconds
Text Length: 10000, Pattern Length: 4
Text Length: 10000, Pattern Length: 4, Found at Positions: Time: 0.000292961 seconds
Text Length: 10000, Pattern Length: 5
Text Length: 10000, Pattern Length: 5, Found at Positions: Time: 0.000323869 seconds
Text Length: 100000, Pattern Length: 1
Text Length: 100000, Pattern Length: 1, Found at Positions: 9 15 48 62 82 87 110 167 172 206 241 269 294 300 312 336 346 356 358 368 476 488 491 496 505 518 549 585 600 615 619 629 653 685 727 757 807 811 815 832 838 864 865 872 928 931 933 994 1019 1073 1081 1128 1141 1177 1179 1226 1229 1231 1272 1295 1344 1348 1423 1495 1517 1532 1541 1585 1593 1612 1660 1679 1718 1754 1826 1839 1867 1884 1907 1929 1956 1994 2017 2127 2147 2180 2186 2190 2204 2258 2260 2270 2292 2317 2379 2414 2421 2502 2605 2612 2656 2659 2660 2676 2696 2701 2755 2762 2800 2845 2884 2897 2929 3003 3018 3019 3166 3179 3191 3204 3223 3233 3236 3246 3277 3281 3334 3383 3459 3492 3507 3514 3525 3600 3665 3671 3765 3791 3831 3865 3888 3895 3899 3904 3917 3957 3974 4019 4067 4075 4082 4094 4147 4203 4274 4301 4323 4325 4345 4361 4384 4430 4438 4443 4448 4452 4460 4487 4507 4559 4630 4715 4727 4848 4865 4867 4877 4880 4884 4910 4939 5037 5046 5048 5066 5098 5126 5149 5209 5216 5241 5302 5313 5335 5341 5346 5379 5382 5385 5396 5484 5495 5506 5522 5543 5554 5592 5612 5659 5698 5709 5741 5776 5820 5870 5895 5911 5932 5952 5997 6140 6168 6181 6209 6230 6256 6270 6283 6302 6314 6318 6347 6371 6394 6428 6442 6447 6468 6519 6551 6613 6614 6644 6667 6692 6717 6748 6794 6832 6851 6860 6864 6905 6964 7023 7037 7062 7064 7108 7118 7150 7159 7179 7192 7245 7253 7258 7288 7301 7308 7319 7350 7370 7381 7395 7397 7411 7414 7506 7574 7588 7629 7673 7685 7711 7746 7769 7781 7784 7815 7817 7835 7838 7859 7867 7948 8041 8075 8104 8114 8144 8157 8164 8183 8237 8285 8287 8289 8330 8339 8404 8408 8438 8455 8497 8512 8521 8546 8551 8567 8597 8602 8609 8623 8687 8689 8690 8750 8789 8824 8866 8901 8924 8935 8950 8955 9004 9025 9052 9054 9131 9141 9157 9210 9215 9235 9237 9274 9302 9311 9331 9380 9381 9432 9459 9477 9496 9525 9546 9610 9677 9696 9734 9740 9741 9745 9746 9802 9816 9823 9840 9844 9849 9878 9941 9969 9996 10030 10037 10057 10061 10062 10097 10133 10185 10198 10237 10304 10306 10316 10349 10380 10403 10432 10442 10455 10470 10492 10495 10509 10566 10587 10592 10619 10628 10686 10702 10722 10749 10756 10767 10777 10784 10790 10853 10883 10913 10956 10964 10974 10995 11060 11135 11144 11153 11201 11214 11221 11232 11240 11264 11325 11347 11394 11399 11468 11476 11491 11494 11498 11524 11546 11568 11590 11631 11678 11683 11687 11703 11739 11761 11773 11850 11856 11871 11875 11903 11919 11929 11934 11939 11950 11964 12048 12051 12059 12062 12064 12075 12076 12081 12099 12173 12180 12209 12242 12258 12280 12281 12286 12297 12331 12356 12357 12378 12384 12388 12399 12442 12463 12482 12495 12510 12512 12532 12544 12620 12660 12668 12718 12720 12739 12744 12780 12833 12950 12975 13017 13029 13057 13111 13132 13170 13176 13246 13260 13280 13292 13343 13379 13396 13419 13458 13508 13520 13528 13536 13555 13556 13562 13574 13616 13649 13674 13808 13811 13828 13889 13901 13902 13920 13923 13926 13932 14034 14046 14072 14078 14096 14117 14119 14160 14198 14266 14297 14363 14411 14442 14466 14487 14521 14545 14567 14591 14592 14594 14614 14657 14715 14731 14744 14769 14859 14869 14892 14936 14954 14959 14995 15017 15030 15071 15104 15107 15108 15109 15148 15233 15238 15256 15272 15284 15291 15325 15372 15401 15437 15561 15581 15601 15609 15643 15651 15661 15686 15716 15819 15864 15917 15933 15954 15977 16014 16040 16042 16067 16074 16100 16125 16158 16180 16221 16247 16261 16270 16277 16328 16387 16413 16460 16463 16474 16536 16542 16543 16548 16581 16595 16609 16645 16652 16669 16709 16729 16775 16801 16806 16812 16815 16860 16862 16870 16907 16926 16930 17021 17030 17034 17048 17076 17113 17170 17202 17258 17281 17309 17344 17347 17377 17402 17409 17437 17439 17546 17612 17691 17702 17773 17808 17822 17872 17896 17930 17944 17975 17979 17990 18036 18063 18130 18174 18196 18208 18278 18317 18320 18344 18369 18425 18426 18469 18471 18483 18556 18565 18580 18615 18663 18664 18705 18715 18732 18755 18825 18838 18858 18876 18900 18912 18935 18976 19043 19064 19081 19142 19198 19212 19253 19276 19427 19470 19487 19489 19511 19527 19528 19544 19551 19552 19565 19729 19737 19787 19795 19832 19841 19883 19903 19914 19953 19996 20021 20034 20051 20063 20193 20225 20306 20336 20353 20361 20408 20411 20432 20445 20448 20533 20577 20595 20603 20626 20639 20659 20697 20714 20750 20792 20795 20805 20840 20841 20895 21005 21028 21031 21089 21151 21222 21223 21245 21248 21260 21288 21296 21303 21308 21341 21349 21363 21365 21406 21417 21427 21433 21515 21556 21570 21598 21641 21672 21687 21708 21714 21736 21738 21818 21841 21861 21883 21889 21918 21926 21928 21937 21982 22013 22018 22074 22087 22088 22135 22137 22154 22158 22232 22272 22276 22285 22354 22385 22416 22418 22475 22568 22569 22600 22616 22630 22643 22717 22721 22726 22732 22764 22791 22803 22835 22946 22971 22979 22980 23082 23196 23200 23201 23204 23220 23243 23303 23312 23350 23371 23394 23397 23433 23469 23549 23566 23584 23587 23606 23632 23652 23682 23709 23818 23821 23843 23859 23900 23934 24020 24142 24160 24181 24193 24249 24263 24279 24330 24414 24488 24527 24529 24555 24566 24603 24650 24707 24717 24734 24736 24751 24774 24784 24818 24825 24832 24844 24845 24878 24915 24947 24948 24975 25005 25025 25033 25083 25124 25152 25170 25218 25237 25268 25290 25310 25324 25346 25357 25430 25462 25469 25646 25666 25672 25676 25682 25710 25714 25752 25755 25862 25900 25936 25938 25950 25951 26001 26021 26066 26116 26146 26156 26198 26216 26238 26241 26293 26339 26371 26525 26551 26612 26624 26650 26700 26722 26766 26798 26801 26808 26858 26869 26937 26946 26969 26996 27048 27055 27074 27079 27127 27137 27154 27164 27179 27228 27241 27249 27288 27291 27297 27304 27329 27350 27389 27406 27447 27451 27456 27457 27468 27470 27495 27496 27525 27532 27534 27563 27611 27616 27649 27712 27736 27739 27742 27765 27802 27806 27860 27884 28002 28065 28067 28100 28148 28202 28231 28261 28281 28283 28297 28305 28319 28324 28338 28355 28380 28383 28439 28460 28508 28510 28528 28530 28580 28582 28606 28615 28657 28658 28673 28748 28778 28787 28804 28819 28937 28954 28979 28987 29041 29050 29052 29061 29109 29138 29156 29162 29175 29180 29200 29206 29218 29241 29245 29246 29317 29322 29332 29338 29370 29397 29399 29415 29446 29474 29506 29564 29570 29623 29624 29628 29652 29717 29734 29744 29759 29762 29785 29799 29802 29809 29845 29846 29852 29920 29922 29925 29934 30046 30059 30093 30180 30183 30222 30236 30276 30303 30343 30354 30381 30391 30446 30475 30481 30496 30577 30588 30606 30613 30614 30634 30640 30672 30674 30678 30681 30684 30736 30751 30759 30768 30780 30793 30842 30867 30983 31004 31015 31043 31058 31072 31108 31129 31144 31160 31242 31283 31289 31306 31308 31315 31341 31344 31363 31401 31426 31430 31491 31519 31532 31595 31626 31631 31648 31655 31657 31681 31703 31725 31731 31777 31783 31802 31816 31838 31863 31878 31917 31978 31997 32013 32048 32117 32127 32182 32205 32215 32217 32247 32301 32305 32324 32349 32351 32358 32372 32438 32451 32462 32463 32484 32488 32509 32521 32551 32637 32704 32752 32770 32972 32980 33014 33027 33040 33048 33070 33097 33114 33135 33141 33157 33172 33173 33178 33192 33226 33264 33275 33305 33334 33337 33376 33415 33497 33562 33614 33634 33679 33694 33712 33730 33765 33772 33774 33797 33801 33811 33813 33860 33884 33993 34051 34084 34113 34130 34134 34140 34188 34190 34197 34236 34240 34246 34328 34444 34468 34555 34621 34622 34638 34679 34718 34847 34864 34897 34936 35004 35008 35024 35025 35045 35061 35062 35067 35083 35118 35168 35174 35192 35195 35234 35277 35327 35341 35349 35357 35376 35398 35408 35426 35443 35461 35482 35542 35562 35592 35618 35664 35672 35701 35710 35717 35743 35758 35816 35832 35839 35863 35878 35893 35942 35945 35959 35969 35996 36002 36017 36034 36048 36056 36059 36094 36157 36165 36185 36230 36248 36278 36295 36362 36384 36409 36423 36432 36438 36445 36508 36510 36513 36533 36536 36555 36598 36606 36615 36638 36662 36706 36715 36771 36837 36871 36886 36898 36936 36945 37004 37040 37052 37106 37133 37151 37194 37211 37227 37257 37259 37271 37272 37286 37306 37325 37330 37398 37417 37421 37457 37503 37508 37582 37604 37607 37630 37646 37657 37658 37701 37714 37733 37753 37754 37755 37756 37778 37799 37818 37851 37869 37913 37915 37918 37954 37960 37968 38001 38058 38070 38108 38128 38152 38172 38212 38247 38312 38329 38391 38392 38457 38498 38563 38580 38582 38608 38627 38639 38647 38649 38656 38672 38690 38702 38738 38751 38756 38826 38830 38834 38861 38920 38930 39032 39115 39178 39193 39201 39215 39249 39288 39309 39390 39396 39397 39401 39467 39505 39517 39529 39530 39536 39568 39590 39597 39624 39632 39649 39693 39728 39730 39763 39786 39801 39804 39810 39811 39906 39914 39961 39975 39990 39995 40014 40022 40024 40054 40163 40188 40197 40214 40228 40232 40238 40285 40302 40309 40312 40329 40399 40420 40437 40479 40513 40562 40579 40592 40601 40631 40635 40739 40744 40797 40817 40821 40845 40863 40868 40872 40890 40936 40964 40969 40972 40995 41002 41054 41062 41098 41141 41151 41165 41203 41220 41231 41262 41270 41272 41279 41356 41378 41424 41465 41467 41493 41519 41613 41625 41628 41642 41652 41671 41688 41717 41733 41783 41811 41821 41874 41877 41889 41899 41921 41951 41957 41972 41978 42009 42070 42098 42114 42148 42155 42209 42222 42281 42283 42334 42347 42378 42390 42395 42407 42414 42466 42473 42494 42523 42537 42557 42566 42611 42612 42658 42671 42674 42679 42723 42736 42746 42754 42761 42802 42830 42847 42871 42906 42928 42937 42960 43017 43037 43048 43141 43147 43169 43192 43196 43197 43251 43313 43318 43346 43348 43415 43456 43458 43469 43501 43510 43519 43540 43555 43628 43659 43728 43752 43763 43843 43943 43992 44016 44037 44093 44181 44184 44190 44207 44249 44259 44262 44353 44372 44375 44445 44456 44457 44462 44524 44528 44534 44550 44583 44675 44681 44711 44752 44765 44810 44823 44864 44890 44891 44933 44988 45010 45065 45097 45108 45144 45160 45217 45228 45238 45259 45287 45294 45296 45347 45365 45369 45396 45397 45420 45423 45468 45515 45518 45541 45543 45551 45553 45615 45631 45635 45671 45680 45686 45776 45800 45802 45850 45858 45865 45896 45911 45982 45984 46057 46064 46161 46200 46249 46272 46301 46311 46355 46378 46381 46384 46453 46455 46493 46521 46522 46537 46549 46565 46578 46589 46648 46660 46675 46679 46697 46739 46747 46773 46780 46799 46826 46853 46871 46898 46917 46984 46985 47024 47030 47040 47067 47070 47085 47133 47160 47166 47190 47236 47305 47315 47330 47338 47396 47452 47485 47519 47547 47578 47680 47683 47711 47770 47782 47862 47865 47890 47954 47973 48035 48169 48180 48183 48204 48231 48284 48300 48345 48348 48351 48359 48377 48393 48394 48402 48421 48425 48475 48487 48499 48514 48515 48524 48539 48571 48629 48633 48651 48682 48708 48716 48723 48744 48752 48789 48803 48819 48836 48913 48961 48975 48997 49050 49066 49085 49131 49134 49188 49190 49260 49269 49278 49280 49456 49458 49459 49465 49515 49546 49575 49592 49633 49670 49679 49709 49743 49746 49800 49830 49856 49867 49871 49892 49908 49914 49916 49964 49995 49997 50028 50100 50126 50130 50166 50172 50217 50218 50244 50263 50267 50268 50293 50304 50314 50406 50408 50423 50457 50468 50492 50503 50544 50563 50566 50591 50720 50745 50749 50777 50806 50824 50836 50874 50893 50897 50956 51026 51079 51090 51093 51094 51097 51104 51127 51133 51153 51195 51197 51216 51242 51250 51271 51285 51307 51329 51336 51346 51356 51398 51418 51437 51495 51518 51528 51531 51552 51606 51659 51721 51736 51749 51789 51807 51846 51853 51869 51875 51915 51918 51923 51929 52015 52020 52045 52078 52176 52191 52216 52279 52298 52352 52381 52390 52430 52436 52442 52496 52499 52528 52546 52603 52814 52864 52880 52887 52925 52963 52967 52997 53000 53025 53099 53124 53142 53241 53252 53254 53285 53290 53296 53321 53322 53378 53447 53461 53462 53520 53546 53591 53609 53650 53655 53657 53671 53724 53759 53762 53765 53820 53869 53888 53940 53943 54113 54119 54124 54158 54215 54245 54266 54273 54280 54318 54338 54357 54383 54465 54467 54479 54485 54533 54535 54536 54583 54608 54614 54619 54620 54626 54668 54682 54695 54786 54839 54842 54847 54863 54867 54876 54918 54920 54976 54988 54998 55010 55024 55038 55048 55066 55088 55094 55120 55132 55170 55187 55219 55231 55233 55240 55253 55263 55273 55274 55294 55333 55369 55405 55445 55483 55486 55527 55562 55599 55604 55696 55713 55723 55735 55764 55783 55851 55930 55953 55970 55977 55982 56010 56015 56019 56034 56090 56108 56135 56146 56152 56166 56169 56174 56196 56230 56243 56258 56309 56408 56432 56455 56462 56471 56501 56515 56522 56538 56547 56586 56626 56637 56686 56717 56724 56741 56751 56780 56832 56840 56885 56987 57026 57048 57063 57101 57144 57188 57207 57213 57232 57284 57301 57347 57376 57397 57399 57410 57421 57438 57457 57496 57550 57565 57599 57627 57639 57671 57754 57812 57815 57817 57832 57970 57982 58000 58047 58065 58084 58124 58144 58145 58156 58169 58171 58205 58211 58280 58282 58304 58314 58318 58343 58370 58398 58470 58473 58503 58509 58546 58574 58607 58623 58655 58661 58669 58743 58749 58755 58756 58765 58777 58812 58844 58891 58921 58933 58954 58969 58998 59006 59012 59022 59041 59042 59067 59071 59082 59119 59168 59231 59242 59271 59290 59311 59375 59394 59395 59412 59434 59454 59457 59458 59477 59511 59517 59518 59555 59560 59584 59607 59663 59719 59724 59763 59810 59840 59872 59878 59890 59927 59959 59969 59981 59989 59997 60030 60046 60056 60079 60101 60135 60149 60153 60175 60217 60232 60282 60293 60397 60402 60422 60427 60454 60529 60605 60606 60654 60663 60667 60682 60689 60716 60731 60742 60754 60765 60800 60873 60914 60987 61029 61034 61037 61059 61078 61079 61091 61153 61173 61175 61176 61200 61208 61221 61227 61264 61266 61317 61363 61372 61381 61444 61465 61504 61509 61542 61547 61567 61588 61645 61734 61775 61806 61873 61882 61893 61933 61934 61953 61974 62081 62119 62183 62190 62204 62209 62218 62234 62235 62243 62286 62304 62361 62382 62404 62419 62441 62452 62477 62511 62520 62557 62573 62593 62599 62605 62638 62646 62685 62707 62742 62775 62782 62796 62818 62827 62839 62843 62848 62877 62878 62884 62907 62953 62999 63019 63047 63067 63104 63138 63169 63178 63185 63190 63199 63203 63205 63215 63240 63245 63290 63329 63376 63389 63403 63410 63448 63487 63603 63664 63672 63716 63733 63785 63821 63831 63837 63874 63937 63983 64017 64057 64073 64159 64195 64196 64205 64206 64242 64308 64309 64410 64413 64423 64437 64489 64490 64575 64620 64645 64649 64668 64702 64752 64862 64920 64925 64927 64934 65008 65035 65053 65064 65071 65087 65091 65119 65134 65192 65226 65336 65361 65362 65379 65402 65436 65474 65499 65503 65511 65553 65569 65629 65635 65701 65740 65752 65777 65803 65844 65870 65897 65954 65962 65980 66000 66027 66036 66040 66061 66078 66083 66102 66136 66164 66217 66300 66357 66383 66467 66492 66504 66510 66512 66516 66531 66565 66578 66612 66625 66683 66716 66749 66798 66802 66818 66845 66903 66945 66974 67049 67098 67103 67110 67163 67206 67250 67272 67282 67347 67356 67402 67428 67429 67441 67491 67618 67632 67666 67690 67738 67772 67776 67781 67824 67859 67883 67884 67965 68079 68081 68086 68159 68194 68195 68205 68214 68251 68273 68277 68287 68345 68350 68362 68370 68385 68404 68492 68518 68525 68578 68592 68659 68661 68665 68674 68680 68693 68737 68777 68787 68813 68836 68849 68867 68914 68924 68925 69009 69035 69050 69066 69104 69106 69126 69175 69185 69202 69302 69325 69336 69343 69413 69422 69426 69435 69440 69483 69487 69488 69502 69509 69525 69531 69544 69572 69620 69623 69706 69710 69719 69749 69787 69799 69807 69810 69829 69838 69872 69874 69934 69943 69964 69968 69995 70003 70010 70032 70051 70063 70083 70139 70174 70181 70218 70245 70249 70274 70277 70334 70349 70375 70386 70437 70456 70524 70565 70583 70586 70588 70609 70614 70623 70629 70679 70699 70734 70753 70820 70858 70865 70878 70881 70884 70889 70924 70944 70964 70966 70980 71017 71041 71070 71083 71085 71123 71220 71233 71235 71241 71293 71346 71347 71370 71371 71376 71384 71400 71406 71412 71432 71463 71513 71520 71534 71535 71537 71555 71563 71567 71572 71595 71599 71602 71631 71635 71658 71691 71722 71739 71823 71882 71891 71924 71943 71951 71969 71996 72014 72041 72096 72108 72119 72148 72166 72173 72235 72246 72297 72304 72336 72373 72386 72414 72432 72493 72494 72505 72530 72575 72576 72615 72623 72626 72709 72725 72731 72738 72756 72799 72801 72807 72834 72869 72870 72887 72895 72919 72929 72940 72951 73026 73057 73070 73077 73108 73124 73140 73209 73238 73311 73350 73385 73407 73421 73425 73449 73471 73519 73558 73618 73625 73636 73638 73673 73722 73742 73779 73839 73857 73858 73861 73867 73877 73904 73913 73934 73944 73957 73974 74007 74019 74025 74030 74059 74061 74066 74069 74117 74148 74181 74220 74268 74302 74309 74326 74331 74351 74385 74390 74404 74419 74422 74439 74469 74479 74563 74620 74638 74652 74722 74747 74774 74779 74820 74844 74864 74901 74943 74963 74964 75022 75044 75077 75129 75131 75152 75164 75230 75241 75269 75275 75316 75327 75363 75370 75397 75402 75403 75406 75407 75562 75573 75588 75593 75612 75650 75663 75668 75734 75739 75752 75837 75850 75862 76031 76065 76078 76106 76152 76191 76214 76249 76255 76258 76264 76265 76317 76377 76380 76388 76414 76523 76555 76571 76572 76579 76583 76590 76622 76635 76657 76666 76681 76745 76770 76787 76788 76830 76835 76867 76885 76893 76947 76976 77055 77068 77097 77120 77130 77167 77177 77204 77224 77225 77230 77242 77262 77291 77344 77349 77359 77360 77426 77434 77439 77450 77474 77542 77545 77549 77576 77582 77614 77629 77642 77669 77683 77753 77791 77866 77918 77943 77952 77982 78008 78091 78132 78141 78163 78200 78300 78317 78336 78354 78363 78383 78445 78456 78461 78472 78483 78521 78552 78577 78608 78614 78630 78631 78647 78800 78813 78857 78863 78870 78893 78930 78955 78981 79024 79036 79059 79072 79073 79179 79226 79229 79246 79262 79264 79266 79294 79300 79311 79324 79406 79443 79492 79493 79544 79547 79604 79625 79709 79712 79771 79786 79812 79847 79925 79930 79944 79998 80012 80115 80135 80156 80161 80163 80206 80208 80266 80273 80333 80346 80351 80357 80360 80365 80403 80423 80444 80469 80483 80538 80539 80597 80610 80638 80656 80685 80705 80707 80793 80866 80871 80922 80925 80935 80949 81067 81075 81102 81105 81140 81164 81189 81203 81232 81290 81387 81389 81403 81423 81433 81468 81511 81558 81576 81597 81609 81732 81753 81768 81769 81773 81784 81842 81844 81852 81862 81880 81881 81934 81955 81976 82033 82036 82058 82067 82069 82110 82111 82153 82198 82200 82230 82237 82252 82317 82393 82460 82467 82478 82484 82490 82509 82527 82534 82544 82553 82555 82615 82677 82684 82685 82704 82705 82714 82741 82764 82765 82815 82852 82870 82894 82959 82962 82965 82986 83038 83039 83071 83102 83122 83126 83136 83166 83168 83207 83225 83279 83294 83321 83353 83355 83380 83394 83447 83501 83523 83592 83593 83607 83609 83786 83809 83843 83850 83855 83861 83895 83899 83955 83956 83981 83984 84029 84059 84066 84115 84142 84159 84189 84197 84199 84297 84301 84319 84356 84384 84441 84442 84564 84613 84651 84713 84735 84766 84773 84827 84881 84907 84924 84942 84956 84962 84984 85008 85012 85013 85043 85058 85065 85102 85108 85109 85116 85118 85138 85139 85165 85193 85200 85221 85222 85228 85244 85282 85299 85320 85323 85350 85365 85385 85401 85408 85425 85439 85459 85506 85567 85595 85601 85745 85784 85798 85813 85818 85842 85846 85884 85901 85902 85915 85959 85993 86043 86044 86048 86117 86144 86215 86252 86268 86287 86292 86339 86350 86431 86434 86444 86449 86451 86454 86479 86537 86570 86630 86672 86689 86711 86717 86725 86740 86759 86783 86784 86796 86805 86838 86915 86920 86947 86948 86956 87001 87042 87152 87163 87190 87226 87237 87281 87304 87352 87368 87371 87394 87420 87435 87464 87466 87470 87479 87511 87517 87522 87544 87610 87657 87704 87721 87725 87726 87734 87747 87765 87769 87792 87807 87856 87890 87906 87964 87981 88024 88062 88103 88121 88157 88172 88180 88181 88185 88189 88197 88205 88218 88223 88252 88272 88318 88337 88349 88380 88388 88405 88408 88409 88427 88456 88482 88510 88514 88535 88541 88545 88574 88586 88656 88659 88667 88673 88740 88770 88798 88807 88817 88887 88889 88901 88907 88931 88954 89002 89012 89087 89103 89133 89135 89180 89182 89200 89215 89223 89253 89271 89282 89300 89338 89357 89402 89408 89473 89482 89532 89545 89559 89585 89679 89700 89787 89798 89838 89847 89861 89865 89872 89894 89911 89922 89929 89935 89968 89970 90032 90036 90039 90053 90073 90080 90088 90096 90113 90123 90155 90161 90189 90202 90217 90234 90236 90257 90274 90289 90291 90294 90297 90321 90341 90357 90361 90373 90374 90389 90391 90409 90410 90413 90447 90574 90616 90618 90631 90637 90638 90672 90713 90715 90728 90742 90745 90806 90840 90845 90889 90902 90911 90918 90968 90970 90976 90989 90998 91032 91051 91075 91107 91113 91129 91136 91138 91147 91173 91217 91237 91242 91262 91285 91306 91337 91388 91415 91424 91457 91463 91489 91494 91533 91571 91581 91600 91604 91649 91655 91691 91695 91788 91799 91806 91812 91818 91820 91830 91854 91861 91914 91920 91933 91976 91978 91995 92006 92019 92029 92044 92075 92153 92159 92188 92207 92210 92219 92235 92236 92248 92261 92275 92361 92423 92430 92447 92479 92480 92484 92521 92541 92675 92688 92700 92706 92707 92723 92729 92763 92775 92792 92814 92838 92851 92870 92919 92955 92978 93005 93018 93036 93044 93048 93060 93071 93093 93098 93104 93171 93178 93179 93196 93234 93278 93299 93312 93315 93333 93350 93360 93362 93368 93392 93400 93402 93422 93433 93435 93451 93456 93477 93492 93519 93521 93527 93540 93566 93628 93629 93642 93680 93718 93735 93766 93771 93809 93830 93832 93856 93862 93905 93907 93915 93968 93983 93990 94004 94053 94129 94164 94206 94231 94250 94254 94257 94273 94299 94301 94317 94330 94339 94376 94385 94394 94418 94423 94433 94436 94438 94466 94494 94508 94525 94540 94592 94615 94628 94654 94664 94678 94691 94719 94739 94804 94815 94824 94865 94872 94886 94896 94901 94933 94971 94987 95011 95048 95053 95092 95121 95198 95244 95245 95246 95260 95311 95335 95337 95376 95377 95383 95432 95560 95577 95614 95739 95744 95755 95768 95786 95838 95902 95910 95916 95925 96007 96014 96024 96026 96045 96071 96162 96186 96205 96212 96218 96236 96256 96279 96336 96383 96396 96397 96418 96441 96445 96457 96512 96518 96537 96607 96614 96622 96657 96682 96711 96750 96773 96835 96886 96889 96893 96908 96912 96928 96948 96954 96976 96977 96997 96999 97064 97069 97106 97136 97175 97185 97203 97209 97210 97232 97250 97262 97264 97396 97429 97448 97453 97454 97456 97536 97538 97584 97596 97598 97636 97642 97745 97797 97814 97831 97860 97869 97896 97912 97927 97941 98057 98064 98108 98161 98184 98195 98230 98255 98262 98293 98294 98311 98357 98445 98453 98458 98501 98513 98517 98556 98584 98609 98651 98660 98707 98714 98754 98756 98757 98792 98829 98830 98883 98902 98910 98912 98996 99010 99050 99091 99108 99208 99289 99291 99292 99314 99327 99367 99373 99382 99396 99406 99419 99448 99468 99530 99535 99548 99563 99565 99568 99607 99636 99646 99657 99684 99689 99711 99742 99759 99764 99808 99855 99858 99863 99906 99934 99945 99948 99952 Time: 0.00330606 seconds
Text Length: 100000, Pattern Length: 2
Text Length: 100000, Pattern Length: 2, Found at Positions: 580 609 716 855 2993 4250 4954 5600 5757 5878 6015 6184 6618 8397 8407 8878 8992 9184 9349 9646 10060 10328 12314 12425 13805 14129 16827 16840 18417 18425 18815 19638 20652 20743 20883 21060 21491 21528 24000 25829 26056 26848 28131 28602 30501 32379 34342 34375 35270 36007 36543 38051 38894 39902 40166 40204 40387 40982 41306 41380 43181 43541 44367 45914 46892 48018 49920 50615 51279 52880 52943 53396 53425 53831 55267 55303 55630 55661 55878 55915 56800 57059 57332 57337 58704 59867 60033 60263 60661 61014 61926 63278 65328 65898 66289 66325 69289 69671 70149 70377 70405 70631 71266 74222 74693 75122 75606 75786 75849 75908 76052 76822 77157 77298 77409 77603 78357 80528 80721 82353 84289 86253 86582 87777 88636 89223 90291 90726 91844 93547 93903 94370 95327 95365 95473 98608 98632 99526 Time: 0.0029713 seconds
Text Length: 100000, Pattern Length: 3
Text Length: 100000, Pattern Length: 3, Found at Positions: 32065 49439 64591 70341 81708 Time: 0.00307807 seconds
Text Length: 100000, Pattern Length: 4
Text Length: 100000, Pattern Length: 4, Found at Positions: 68592 Time: 0.00310667 seconds
Text Length: 100000, Pattern Length: 5
Text Length: 100000, Pattern Length: 5, Found at Positions: Time: 0.00321868 seconds
